url_path,views_total,views_unique
/yinlinchen/thumbnail_creator,20,11
/yinlinchen/thumbnail_creator/tree/master/sharedutils,9,2
/yinlinchen/thumbnail_creator/blob/master/sharedutils/requirements.txt,5,1
/yinlinchen/thumbnail_creator/blob/master/template.yaml,5,1
/yinlinchen/thumbnail_creator/tree/master/apps,5,1
/yinlinchen/thumbnail_creator/tree/master/sharedutils/filetype-1.0.7.dist-info,5,1
/yinlinchen/thumbnail_creator/blob/master/apps/app.py,4,1
/yinlinchen/thumbnail_creator/fork,4,1
/yinlinchen/thumbnail_creator/tree/master/images,3,1
/yinlinchen/thumbnail_creator/blob/master/sharedutils/examples/file.py,2,1
